8.92
9.370000000000001
7.29
8.860000000000001
9.200000000000001
8.959999999999999
8.38
8.72
7.829999999999999
9.66
9.620000000000001
8.170000000000002
9.27
7.539999999999999
7.449999999999999
7.959999999999999
7.609999999999999
7.8999999999999995
8.879999999999999
8.43
8.690000000000001
7.61
8.059999999999999
8.23
7.550000000000001
9.36
8.48
7.75
10.67
9.86
6.120000000000001
9.96
8.049999999999999
7.87
7.27
9.72
8.32
9.969999999999999
8.469999999999999
7.48
7.42
9.620000000000001
7.890000000000001
7.590000000000001
7.49
8.48
9.61
8.17
7.96
9.8
9.780000000000001
9.71
8.07
9.7
6.92
8.66
8.37
7.42
8.65
8.549999999999999
8.11
9.47
8.11
8.0
7.720000000000001
8.719999999999999
8.31
8.86
7.590000000000001
9.87
9.5
7.88
6.77
8.69
7.140000000000001
9.42
8.14
7.599999999999999
9.09
9.84
8.31
7.12
6.53
6.989999999999999
9.57
8.42
9.54
7.640000000000001
8.81
8.120000000000001
8.25
8.23
7.55
8.61
7.24
7.9399999999999995
8.57
7.96
8.66
7.27
8.85
8.96
7.489999999999999
8.989999999999998
7.949999999999999
8.77
9.170000000000002
7.6499999999999995
8.709999999999999
9.32
8.09
8.43
7.960000000000001
9.52
7.32
8.409999999999998
7.78
8.73
8.21
9.15
8.34
9.36
8.54
10.329999999999998
8.57
8.36
6.32
8.09
8.09
7.7
8.160000000000002
8.29
8.27
7.31
7.210000000000001
8.42
8.68
9.46
9.719999999999999
8.7
7.550000000000001
9.39
8.04
8.2
9.32
7.33
9.469999999999999
9.830000000000002
8.73
8.46
7.93
8.129999999999999
8.51
8.129999999999999
8.33
8.0
7.17
8.94
7.300000000000001
8.37
8.47
8.67
9.25
8.05
7.29
7.680000000000001
7.629999999999999
8.46
6.91
9.57
8.46
8.13
9.360000000000001
8.059999999999999
7.960000000000001
7.109999999999999
7.02
9.09
8.5
7.99
9.0
9.07
9.7
8.86
7.57
9.010000000000002
9.14
7.680000000000001
6.35
8.16
8.67
8.939999999999998
8.99
7.87
9.010000000000002
6.760000000000001
8.780000000000001
8.17
8.25
8.21
7.789999999999999
7.730000000000001
8.26
8.65
9.450000000000001
8.49
8.25
8.7
8.870000000000001
7.250000000000001
8.79
8.889999999999999
7.72
8.19
8.290000000000001
8.29
9.67
8.780000000000001
7.58
7.939999999999999
8.57
7.370000000000001
8.58
9.520000000000001
9.409999999999998
8.94
6.77
6.55
8.729999999999999
8.75
8.64
9.580000000000002
7.699999999999999
8.21
7.4
8.469999999999999
8.36
9.3
7.949999999999999
8.57
8.399999999999999
9.02
8.979999999999999
7.98
9.07
7.76
7.96
8.54
9.05
8.21
7.57
8.260000000000002
10.33
8.01
7.590000000000001
7.86
9.39
7.51
9.47
7.7
8.3
7.539999999999999
8.18
7.079999999999999
8.469999999999999
7.840000000000001
8.44
6.74
9.45
8.9
7.61
8.91
9.55
6.65
7.549999999999999
9.3
8.75
9.93
7.140000000000001
8.38
8.440000000000001
8.700000000000001
7.29
9.64
8.559999999999999
8.620000000000001
8.44
8.07
9.6
8.51
8.32
8.11
7.6899999999999995
9.46
9.48
8.729999999999999
8.5
7.8
7.71
8.65
8.78
8.98
8.790000000000001
8.48
8.34
7.920000000000001
8.55
8.75
9.58
9.940000000000001
6.8500000000000005
8.61
7.920000000000001
9.88
8.4
7.89
6.3999999999999995
8.68
9.43
7.28
7.99
8.1
8.1
9.620000000000001
7.6899999999999995
8.55
7.8100000000000005
7.629999999999999
7.59
7.430000000000001
7.63
8.21
8.09
8.84
8.28
8.48
9.36
8.379999999999999
6.99
9.190000000000001
8.209999999999999
7.85
8.149999999999999
7.4
9.0
7.26
8.87
8.65
7.85
9.809999999999999
7.31
8.46
9.44
7.1899999999999995
8.95
9.66
6.800000000000001
9.95
7.83
7.529999999999999
9.48
8.090000000000002
8.0
7.35
8.9
8.49
9.06
8.07
7.97
7.58
7.87
7.83
8.9
8.55
8.07
8.85
9.41
7.3
9.0
8.4
8.44
8.98
7.17
7.8199999999999985
8.49
8.45
9.15
8.94
7.47
9.290000000000001
8.780000000000001
8.49
8.0
8.860000000000001
9.02
8.48
7.65
7.98
8.129999999999999
7.98
9.45
7.910000000000001
7.750000000000001
7.18
7.78
8.07
7.75
7.84
9.32
9.759999999999998
6.820000000000001
8.61
7.459999999999999
8.59
7.94
7.86
8.27
9.059999999999999
8.85
8.009999999999998
7.13
8.290000000000001
6.609999999999999
8.0
8.49
7.44
8.09
8.309999999999999
9.43
8.879999999999999
7.35
8.44
8.26
9.48
9.63
7.470000000000001
8.780000000000001
8.34
8.83
8.28
8.32
7.21
8.0
8.54
8.079999999999998
8.27
8.190000000000001
8.67
7.8
9.27
9.47
7.959999999999999
9.22
9.32
8.26
7.24
8.83
9.290000000000001
7.41
7.710000000000001
8.32
9.33
8.48
8.700000000000001
8.81
8.03
9.440000000000001
9.87
8.39
8.45
7.81
8.190000000000001
9.639999999999999
9.67
7.96
8.969999999999999
7.34
8.639999999999999
9.74
8.82
8.489999999999998
7.78
9.66
9.420000000000002
9.64
9.770000000000001
7.49
8.51
9.51
7.770000000000001
8.43
8.12
7.26
8.16
6.9799999999999995
7.67
9.01
8.24
8.23
7.820000000000001
7.9
8.42
8.14
8.19
7.1
8.1
8.94
8.03
8.19
8.24
9.08
9.3
7.92
7.36
7.959999999999999
9.529999999999998
7.889999999999999
9.07
7.829999999999999
9.08
8.31
7.92
9.19
9.26
7.300000000000001
8.74
7.77
8.54
7.890000000000001
7.550000000000001
8.32
9.43
9.45
8.63
7.37
8.729999999999999
8.66
9.74
7.709999999999999
8.53
9.94
7.39
6.4799999999999995
8.34
7.1
10.110000000000001
9.26
9.37
8.469999999999999
8.829999999999998
7.91
7.130000000000001
9.01
8.35
8.67
7.680000000000001
7.8999999999999995
9.64
8.54
7.670000000000001
8.35
8.040000000000001
8.530000000000001
8.83
8.84
7.280000000000001
9.71
8.2
8.41
8.5
8.42
8.67
7.63
8.780000000000001
9.1
8.56
8.77
7.66
7.970000000000001
7.51
8.899999999999999
8.48
8.66
8.6
7.68
7.8100000000000005
8.3
9.48
7.710000000000001
8.64
8.200000000000001
8.270000000000001
8.030000000000001
9.290000000000001
6.88
8.75
8.6
9.53
8.74
7.99
8.41
8.16
9.32
7.52
8.479999999999999
7.69
8.82
7.550000000000001
8.419999999999998
8.83
7.32
7.22
8.96
8.97
8.63
7.51
7.86
9.22
7.9799999999999995
7.08
8.81
9.510000000000002
7.41
8.42
8.67
7.210000000000001
7.930000000000001
7.690000000000001
9.09
8.46
8.59
8.0
8.03
9.36
7.6899999999999995
8.33
8.77
7.8
8.1
8.13
10.24
8.17
8.69
9.27
8.290000000000001
8.129999999999999
8.4
7.76
7.49
9.03
10.02
7.34
8.11
8.43
9.24
7.8999999999999995
7.32
8.399999999999999
7.48
8.93
7.8
8.76
7.45
9.68
9.43
6.370000000000001
8.020000000000001
7.220000000000001
8.47
9.28
6.85
9.0
11.02
7.44
8.67
6.700000000000001
8.9
8.899999999999999
7.74
8.07
8.02
8.75
8.36
8.309999999999999
9.79
8.059999999999999
7.7
7.59
8.899999999999999
8.959999999999999
7.9
8.27
6.85
8.64
9.719999999999999
8.540000000000001
8.620000000000001
7.699999999999999
7.75
7.65
7.13
7.34
8.23
8.440000000000001
8.049999999999999
7.23
9.07
7.200000000000001
8.28
9.47
8.68
8.530000000000001
8.69
6.390000000000001
10.23
8.66
8.09
7.54
8.06
7.43
8.36
8.02
7.61
7.5600000000000005
7.010000000000001
6.6000000000000005
9.74
9.15
8.049999999999999
6.67
8.25
9.120000000000001
7.6
8.5
8.6
8.27
7.750000000000001
8.32
8.379999999999999
9.63
7.77
9.35
8.45
6.87
8.66
8.549999999999999
9.66
7.49
9.370000000000001
9.22
8.9
9.07
8.719999999999999
7.83
6.42
7.8100000000000005
8.280000000000001
8.309999999999999
8.03
8.51
7.960000000000001
8.26
8.879999999999999
8.69
8.26
7.37
7.13
6.920000000000001
8.09
7.89
7.78
8.25
6.71
6.880000000000001
7.6499999999999995
8.52
9.21
9.05
8.290000000000001
7.29
9.68
9.620000000000001
8.43
7.98
7.67
8.1
8.32
8.07
7.27
7.620000000000001
8.009999999999998
8.85
8.53
8.71
9.690000000000001
8.23
7.99
9.53
8.870000000000001
8.0
8.89
9.11
7.04
8.59
7.1
7.63
6.609999999999999
10.13
7.36
9.459999999999999
9.209999999999999
9.98
8.959999999999999
8.98
8.469999999999999
8.049999999999999
7.71
7.45
9.37
5.9399999999999995
8.6
9.85
8.9
7.489999999999999
8.85
8.52
6.95
8.04
9.58
8.290000000000001
8.28
8.49
7.47
9.34
8.479999999999999
8.620000000000001
10.05
7.48
9.35
9.26
7.199999999999999
7.959999999999999
7.65
8.639999999999999
8.96
9.14
7.93
8.020000000000001
9.1
6.97
9.53
10.479999999999999
8.59
8.170000000000002
8.12
8.16
8.33
7.690000000000001
10.209999999999999
8.84
8.43
9.19
7.06
10.3
7.28
7.98
7.91
8.96
7.82
8.739999999999998
6.38
7.63
8.89
6.8
8.749999999999998
8.92
6.5
7.95
8.97
5.98
7.109999999999999
8.190000000000001
7.9399999999999995
8.89
8.38
8.03
8.87
9.690000000000001
7.040000000000001
8.08
9.299999999999999
7.93
9.64
6.689999999999999
9.23
8.43
8.52
6.56
7.9799999999999995
8.23
8.61
7.5600000000000005
8.16
9.399999999999999
8.9
9.33
6.319999999999999
7.77
8.219999999999999
8.81
7.99
7.92
8.84
8.01
8.670000000000002
7.21
8.139999999999999
9.5
8.89
8.71
8.96
8.18
8.16
9.48
8.45
8.52
7.84
8.99
9.860000000000001
9.34
9.15
9.28
8.690000000000001
8.24
7.9
8.75
8.4
8.739999999999998
8.690000000000001
9.31
9.1
7.69
10.01
9.08
9.530000000000001
8.309999999999999
8.98
10.159999999999998
8.27
8.22
7.26
7.44
7.790000000000001
7.07
7.8100000000000005
9.89
7.550000000000001
7.680000000000001
9.32
6.73
9.94
7.88
9.06
8.25
8.86
8.45
7.77
8.94
8.209999999999999
8.41
8.299999999999999
9.02
8.95
8.19
7.620000000000001
7.3100000000000005
7.5
8.64
10.73
8.299999999999999
7.87
9.15
7.17
8.82
8.14
9.16
7.2
7.25
7.530000000000001
8.32
8.669999999999998
7.579999999999999
6.79
10.049999999999999
8.08
7.96
8.07
7.84
8.040000000000001
9.84
