13.98
10.03
8.41
11.270000000000001
8.77
8.91
10.38
10.000000000000002
8.25
10.399999999999999
10.77
11.66
10.43
13.5
10.88
13.25
9.63
11.44
9.17
8.85
9.75
9.43
11.64
12.539999999999997
8.21
12.079999999999998
10.299999999999999
11.14
14.73
9.91
11.16
12.22
9.12
11.31
9.26
13.25
14.16
12.79
11.629999999999999
10.64
10.54
10.510000000000002
10.870000000000001
11.48
8.45
7.890000000000001
7.9399999999999995
10.010000000000002
9.559999999999999
12.190000000000001
11.41
11.83
14.98
9.370000000000001
8.59
11.09
12.19
11.44
16.009999999999998
10.51
11.33
12.53
10.5
9.57
11.379999999999999
11.19
12.489999999999998
12.07
12.899999999999999
11.2
12.19
10.58
8.72
13.01
13.490000000000002
14.08
13.26
11.57
14.28
12.219999999999999
13.7
10.26
10.32
10.59
8.440000000000001
10.41
11.36
12.879999999999999
14.020000000000001
9.11
12.31
10.41
11.93
10.969999999999999
11.01
10.16
12.379999999999999
9.57
8.8
12.100000000000001
13.23
10.100000000000001
8.82
8.44
10.040000000000001
12.07
13.59
11.37
12.24
12.47
11.000000000000002
11.409999999999998
12.46
14.079999999999998
10.190000000000001
8.990000000000002
10.6
10.02
11.009999999999998
8.879999999999999
13.08
9.940000000000001
12.39
11.03
9.09
10.57
9.620000000000001
11.259999999999998
11.469999999999999
10.99
12.32
11.54
13.399999999999999
10.7
14.049999999999999
9.940000000000001
10.76
10.169999999999998
14.829999999999998
11.24
12.649999999999999
12.82
12.35
9.25
13.330000000000002
9.85
11.920000000000002
9.120000000000001
9.97
13.579999999999998
12.23
9.610000000000001
8.98
9.719999999999999
8.610000000000001
10.649999999999999
11.45
10.04
9.39
12.51
10.36
11.03
10.61
10.93
9.73
11.06
12.889999999999999
12.219999999999999
13.239999999999998
10.68
11.6
11.360000000000001
14.11
11.530000000000001
12.46
11.16
10.99
12.8
10.219999999999999
11.77
13.68
12.069999999999999
11.78
10.85
10.67
12.18
10.48
10.899999999999999
10.750000000000002
11.1
12.6
11.370000000000001
9.67
11.58
13.99
10.46
14.129999999999999
10.96
10.700000000000003
10.9
10.959999999999999
10.760000000000002
12.270000000000001
12.84
12.48
12.05
11.48
10.440000000000001
7.169999999999999
10.21
11.42
8.29
12.22
9.48
13.530000000000001
13.29
11.319999999999999
10.92
11.399999999999999
11.200000000000001
10.350000000000001
12.33
11.610000000000001
7.59
10.05
10.33
10.250000000000002
13.06
12.41
9.03
11.63
10.14
12.459999999999999
11.209999999999999
10.1
11.740000000000002
13.350000000000001
9.629999999999999
10.700000000000001
9.21
8.23
11.379999999999999
13.029999999999998
12.440000000000001
14.190000000000001
11.9
15.09
12.11
14.409999999999998
11.669999999999998
9.370000000000001
10.82
13.24
11.67
12.0
9.91
9.899999999999999
12.05
11.6
13.11
9.57
13.9
11.370000000000001
10.250000000000002
11.22
12.080000000000002
13.27
11.66
13.469999999999999
12.42
10.840000000000002
12.120000000000001
11.94
10.14
10.63
12.229999999999999
9.57
9.67
10.530000000000001
10.06
11.160000000000002
12.52
15.45
10.159999999999998
11.15
10.01
12.399999999999999
12.16
13.559999999999999
9.2
9.36
10.69
7.49
9.38
12.010000000000002
12.420000000000002
10.7
13.57
10.899999999999999
10.969999999999999
11.18
10.870000000000001
10.6
11.65
11.81
11.030000000000001
10.64
9.49
12.200000000000001
13.04
12.06
10.91
10.620000000000001
11.620000000000001
11.26
11.89
10.51
9.209999999999997
12.34
9.280000000000001
12.84
13.08
11.85
12.25
13.190000000000001
10.309999999999999
9.39
11.940000000000001
10.65
13.260000000000002
11.41
13.13
12.6
9.979999999999999
12.47
8.47
15.020000000000001
12.18
12.600000000000001
11.89
13.82
12.11
12.700000000000001
11.270000000000001
8.229999999999999
10.29
8.15
13.8
11.639999999999999
10.3
9.61
9.810000000000002
11.370000000000001
10.64
9.55
12.770000000000001
10.680000000000001
8.76
12.97
11.79
9.77
10.07
13.79
11.34
11.669999999999998
9.16
10.11
14.030000000000001
10.57
13.41
11.829999999999998
9.91
12.02
10.749999999999998
13.799999999999997
11.62
9.120000000000001
10.729999999999999
10.69
11.14
9.24
11.469999999999999
15.03
11.209999999999999
8.86
13.950000000000001
11.16
14.87
12.7
11.84
8.12
11.56
10.73
13.17
11.16
9.97
13.759999999999998
9.67
7.550000000000001
7.95
11.260000000000002
12.899999999999999
11.459999999999999
13.009999999999998
11.16
13.690000000000001
11.49
9.4
8.97
12.549999999999999
10.72
9.58
11.690000000000001
13.569999999999997
12.4
10.190000000000001
9.83
11.78
11.1
10.889999999999999
13.68
13.690000000000001
12.870000000000001
13.64
7.65
12.43
10.840000000000002
13.15
8.39
11.58
10.3
11.29
12.45
12.090000000000002
12.63
12.260000000000002
12.430000000000001
13.11
11.94
8.759999999999998
8.84
11.75
12.0
10.96
8.740000000000002
11.52
12.6
11.46
9.100000000000001
10.07
8.81
11.57
11.22
10.58
11.87
11.43
13.94
10.530000000000001
12.61
11.63
11.61
9.71
11.11
9.41
11.6
8.8
13.84
11.56
13.770000000000001
9.33
10.59
10.739999999999998
10.07
9.88
10.719999999999999
10.969999999999999
10.27
10.899999999999999
11.450000000000001
11.66
12.46
12.33
11.330000000000002
9.02
10.350000000000001
10.93
10.559999999999999
11.650000000000002
12.440000000000001
12.9
10.879999999999999
9.54
10.94
11.59
9.57
11.17
12.2
11.71
11.73
10.73
12.129999999999999
12.149999999999999
9.569999999999999
12.940000000000001
13.24
8.89
12.329999999999998
14.29
13.11
11.700000000000001
12.66
11.360000000000001
12.2
13.8
10.899999999999999
10.07
13.379999999999999
11.32
8.34
12.879999999999999
9.06
10.27
12.64
10.91
11.45
14.13
11.23
8.799999999999999
11.34
10.67
11.75
11.24
9.22
12.360000000000001
13.059999999999999
9.94
13.739999999999998
13.18
9.86
10.370000000000001
12.61
10.610000000000001
12.030000000000001
12.660000000000002
14.67
11.56
13.739999999999998
8.200000000000001
11.440000000000001
9.770000000000001
12.44
12.629999999999999
10.260000000000002
7.63
12.399999999999999
10.350000000000001
12.280000000000001
12.15
10.55
11.850000000000001
12.64
10.39
15.21
11.389999999999999
11.080000000000002
9.55
11.700000000000001
12.249999999999998
10.78
13.15
8.889999999999999
12.33
9.68
7.85
11.100000000000001
11.350000000000001
10.43
7.65
10.350000000000001
13.48
14.41
11.1
8.53
10.19
10.34
8.4
11.350000000000001
8.91
10.49
11.21
10.09
11.5
12.360000000000001
9.2
12.06
10.73
9.790000000000001
10.55
7.979999999999999
12.989999999999998
9.36
7.56
10.69
11.600000000000001
10.41
11.49
10.01
10.530000000000001
13.78
13.55
12.520000000000001
10.92
13.959999999999999
12.590000000000002
11.25
8.74
12.870000000000001
11.620000000000001
12.54
10.83
11.379999999999999
14.3
12.820000000000002
10.69
11.020000000000001
14.149999999999999
9.45
9.760000000000002
11.05
12.73
12.12
11.21
14.07
8.48
10.02
9.64
10.100000000000001
11.219999999999999
12.66
13.3
12.4
9.41
12.17
14.17
10.98
11.72
8.47
12.06
11.74
10.870000000000001
12.26
12.04
13.859999999999998
11.43
11.400000000000002
12.78
13.33
11.8
11.2
12.28
12.35
10.370000000000001
12.81
13.96
9.49
10.42
9.36
11.280000000000001
11.16
9.190000000000001
11.169999999999998
10.45
12.69
11.69
12.78
11.22
12.11
10.919999999999998
14.43
9.569999999999999
11.17
11.61
9.169999999999998
9.64
9.82
13.27
11.09
10.92
9.0
11.979999999999999
9.15
12.84
11.1
11.959999999999999
12.84
12.67
11.53
12.0
9.81
14.190000000000001
11.03
8.620000000000001
11.719999999999999
8.16
11.21
13.559999999999999
12.55
10.79
13.17
12.96
10.85
12.370000000000001
9.719999999999999
12.260000000000002
8.15
9.78
11.92
12.87
11.31
7.71
7.209999999999999
12.31
11.27
11.3
13.650000000000002
10.190000000000001
12.01
10.68
12.77
12.3
9.64
9.879999999999999
14.950000000000001
13.16
13.84
13.0
12.780000000000001
12.58
11.770000000000001
8.24
8.32
11.72
10.54
11.23
11.28
8.07
14.620000000000001
9.98
10.350000000000001
10.59
12.669999999999998
13.37
12.32
12.419999999999998
12.29
12.68
13.33
12.870000000000003
12.959999999999997
11.45
11.99
11.76
11.68
12.11
9.84
10.68
14.14
11.510000000000002
11.87
14.03
12.469999999999999
12.629999999999999
10.59
11.85
14.2
9.559999999999999
13.0
12.32
11.600000000000001
13.48
13.07
9.790000000000001
12.19
9.88
11.780000000000001
11.719999999999999
10.86
10.91
11.650000000000002
13.09
12.0
11.29
13.28
11.96
12.38
11.499999999999998
10.129999999999999
10.76
11.6
13.72
10.520000000000001
10.700000000000001
10.940000000000001
10.76
13.489999999999998
11.020000000000001
14.419999999999998
14.39
10.389999999999999
12.180000000000001
12.990000000000002
12.7
12.98
10.990000000000002
12.24
11.38
11.41
11.129999999999999
12.86
11.57
7.57
11.280000000000001
8.14
12.59
13.0
10.61
9.469999999999999
10.24
13.01
11.310000000000002
14.26
14.709999999999999
12.96
13.010000000000002
13.82
12.41
11.13
11.01
11.98
8.9
12.76
13.22
10.86
11.29
10.78
10.22
10.11
13.87
11.509999999999998
10.35
10.920000000000002
11.379999999999999
11.07
12.43
10.67
14.790000000000001
11.68
10.15
9.509999999999998
14.270000000000001
13.559999999999999
10.759999999999998
10.739999999999998
11.45
10.850000000000001
10.57
10.97
12.989999999999998
12.03
10.689999999999998
13.77
13.389999999999999
13.390000000000002
9.620000000000001
8.82
14.41
12.459999999999999
9.47
9.77
7.9399999999999995
13.989999999999998
12.549999999999999
11.09
10.96
10.7
13.559999999999999
12.23
13.16
9.52
8.010000000000002
7.5
10.08
12.71
10.19
8.43
11.180000000000001
9.97
9.370000000000001
11.24
7.889999999999999
10.73
12.02
14.670000000000002
10.26
11.700000000000001
11.33
12.870000000000001
14.380000000000003
11.590000000000002
9.18
12.08
13.82
9.98
10.77
11.719999999999999
8.870000000000001
10.09
9.4
12.889999999999999
11.2
14.26
11.5
13.32
11.31
12.22
12.4
11.489999999999998
11.02
10.54
10.639999999999999
12.900000000000002
9.55
9.36
10.37
11.48
9.49
11.499999999999998
10.68
11.950000000000001
11.229999999999999
8.16
12.160000000000002
10.96
10.54
12.499999999999998
12.000000000000002
10.959999999999999
10.950000000000001
12.04
8.540000000000001
10.020000000000001
11.53
13.42
13.39
10.57
11.88
14.83
11.82
10.840000000000002
11.750000000000002
14.18
8.35
12.779999999999998
11.09
11.42
13.53
8.560000000000002
9.319999999999999
10.429999999999998
13.15
10.61
12.99
10.709999999999999
9.86
10.09
14.799999999999999
12.93
12.7
9.889999999999999
13.819999999999999
11.15
9.7
12.95
11.82
10.560000000000002
10.46
12.66
12.44
11.13
8.74
10.43
10.8
11.77
9.93
10.85
11.909999999999998
9.99
10.920000000000002
7.49
11.77
