6.64
6.6499999999999995
6.359999999999999
7.24
7.88
7.130000000000001
6.010000000000001
6.92
6.709999999999999
6.460000000000001
7.440000000000001
6.56
7.26
6.59
7.71
7.08
6.59
6.719999999999999
6.8500000000000005
7.54
6.9399999999999995
7.76
6.83
7.06
6.7
7.459999999999999
7.33
6.33
6.48
6.32
6.55
6.630000000000001
6.0
6.79
7.340000000000001
6.640000000000001
6.609999999999999
6.45
6.67
6.46
6.86
6.720000000000001
7.04
6.209999999999999
7.429999999999999
7.180000000000001
7.199999999999999
6.32
6.67
6.7700000000000005
6.710000000000001
7.21
6.9399999999999995
7.21
6.7200000000000015
6.869999999999999
7.17
7.29
7.349999999999999
6.08
6.58
6.68
6.22
7.3100000000000005
7.27
6.859999999999999
6.84
6.090000000000001
5.97
7.309999999999999
6.58
7.22
7.06
6.51
5.82
6.659999999999999
6.890000000000001
7.03
7.82
6.930000000000001
6.829999999999999
6.8
6.959999999999999
6.740000000000001
6.5
6.55
7.0
7.7
7.8
7.249999999999999
7.930000000000001
6.79
6.5
6.37
6.2700000000000005
7.470000000000001
6.99
6.22
6.409999999999999
6.209999999999999
6.109999999999999
7.74
7.359999999999999
6.93
6.3999999999999995
6.170000000000001
6.27
6.8
5.9799999999999995
7.0
6.800000000000001
5.989999999999999
6.880000000000001
5.890000000000001
6.989999999999999
6.54
7.84
6.630000000000001
6.59
7.02
7.389999999999999
6.74
6.74
7.010000000000001
7.02
7.08
7.01
7.41
5.95
7.419999999999999
6.71
7.0
7.64
6.05
6.46
6.63
6.9399999999999995
7.92
6.8500000000000005
6.97
6.83
6.1
7.109999999999999
6.84
7.0600000000000005
6.74
6.95
7.54
6.62
6.27
7.81
7.62
6.83
6.24
6.68
7.84
6.91
6.8
7.0200000000000005
6.609999999999999
6.709999999999999
7.9799999999999995
6.61
5.55
6.93
8.01
7.33
7.25
6.49
6.7
7.1899999999999995
6.62
7.050000000000001
7.449999999999999
6.47
6.82
6.8100000000000005
7.829999999999999
6.74
6.58
6.72
6.700000000000001
6.82
7.02
6.859999999999999
7.1499999999999995
7.130000000000001
6.82
7.21
7.58
6.01
6.41
6.6899999999999995
6.3500000000000005
6.84
7.08
6.4399999999999995
7.41
6.8500000000000005
7.09
6.760000000000001
7.140000000000001
7.109999999999999
7.589999999999999
6.77
6.879999999999999
6.6899999999999995
6.84
6.590000000000001
6.73
7.529999999999999
6.7700000000000005
6.96
6.879999999999999
6.62
7.360000000000001
6.720000000000001
7.35
6.950000000000001
7.49
7.170000000000001
7.970000000000001
6.789999999999999
7.69
6.739999999999999
7.159999999999999
7.199999999999999
6.79
6.97
6.8
7.2
7.1
7.58
7.390000000000001
6.16
6.95
6.800000000000001
6.6000000000000005
7.0
7.05
6.72
5.98
6.880000000000001
6.88
7.41
6.209999999999999
7.38
6.21
7.03
6.52
6.840000000000001
6.54
7.220000000000001
6.93
6.71
6.23
6.75
6.36
7.05
6.880000000000001
7.1499999999999995
6.959999999999999
7.21
6.290000000000001
6.74
7.040000000000001
6.15
6.84
6.92
7.15
6.58
6.77
6.720000000000001
6.710000000000001
6.93
7.08
6.640000000000001
6.67
7.299999999999999
6.08
6.42
7.23
7.499999999999999
5.779999999999999
6.830000000000001
6.38
6.550000000000001
6.72
6.7
5.7
7.379999999999999
6.4
6.8999999999999995
5.84
7.640000000000001
7.59
8.260000000000002
6.699999999999999
6.720000000000001
7.6000000000000005
7.0600000000000005
7.16
6.840000000000001
6.55
6.06
6.7700000000000005
6.49
7.369999999999999
7.300000000000001
6.41
6.66
6.41
7.15
8.01
6.85
6.67
7.75
7.26
7.210000000000001
6.960000000000001
6.539999999999999
7.869999999999999
6.93
6.89
7.250000000000001
6.87
7.130000000000001
7.329999999999999
6.6499999999999995
6.89
6.18
6.76
7.08
6.6899999999999995
6.709999999999999
6.54
7.249999999999999
7.41
7.5
6.52
6.95
6.9399999999999995
7.390000000000001
6.76
6.55
6.64
6.31
7.37
6.9399999999999995
6.799999999999999
6.59
6.750000000000001
6.83
7.42
7.49
7.630000000000001
6.5600000000000005
6.49
7.100000000000001
6.249999999999999
6.81
6.7700000000000005
6.550000000000001
6.6499999999999995
6.58
7.0
6.21
7.239999999999999
7.23
7.720000000000001
6.02
7.27
7.0600000000000005
7.420000000000001
6.52
6.92
7.85
5.9799999999999995
6.36
6.33
6.69
6.05
5.83
6.4399999999999995
6.31
6.55
7.22
6.73
7.43
7.2
7.06
7.23
7.03
7.13
6.809999999999999
8.420000000000002
7.62
6.99
7.0600000000000005
7.19
6.0200000000000005
7.370000000000001
7.609999999999999
7.170000000000001
5.86
6.96
5.7700000000000005
6.42
6.0600000000000005
6.18
7.11
5.4
7.59
7.7700000000000005
6.5
6.99
7.1
7.5600000000000005
7.130000000000001
6.910000000000001
7.29
7.49
6.15
6.720000000000001
6.539999999999999
6.680000000000001
6.3999999999999995
6.909999999999999
6.1499999999999995
6.46
6.529999999999999
6.680000000000001
6.73
6.93
7.17
6.6
6.95
6.17
6.989999999999999
7.19
7.86
7.46
6.79
7.140000000000001
7.0
6.75
7.5
6.52
7.5
7.3
6.34
7.0
6.93
7.220000000000001
6.949999999999999
7.049999999999999
6.19
7.949999999999999
7.37
6.8
6.279999999999999
7.5
6.99
7.42
6.3
6.760000000000001
6.87
7.52
7.28
6.23
6.960000000000001
6.9
7.9
6.85
7.359999999999999
6.4799999999999995
6.15
6.49
6.6000000000000005
7.09
7.940000000000001
6.449999999999999
6.08
6.200000000000001
6.44
7.080000000000001
7.42
6.74
7.529999999999999
7.21
7.470000000000001
7.390000000000001
6.87
6.9
6.57
7.0600000000000005
7.0
6.6
6.51
6.760000000000001
6.919999999999999
7.289999999999999
6.61
6.239999999999999
7.130000000000001
6.709999999999999
6.21
6.919999999999999
6.3100000000000005
6.71
6.01
7.569999999999999
5.67
6.7700000000000005
6.49
6.56
7.16
6.3500000000000005
6.029999999999999
5.95
6.180000000000001
7.01
6.609999999999999
7.19
6.16
7.139999999999999
7.629999999999999
6.09
7.579999999999999
6.4399999999999995
7.630000000000001
6.949999999999999
6.57
7.140000000000001
6.86
6.26
6.139999999999999
5.870000000000001
6.390000000000001
6.449999999999999
7.56
7.369999999999999
7.7299999999999995
6.8199999999999985
6.65
6.4799999999999995
6.129999999999999
7.37
7.53
5.89
6.3
6.48
7.960000000000001
7.39
6.35
6.64
6.5
6.54
6.8
6.569999999999999
7.609999999999999
6.59
5.78
7.11
7.42
7.600000000000001
6.74
6.37
6.41
7.1499999999999995
7.069999999999999
7.2
6.86
7.769999999999999
6.29
7.51
6.7
7.06
6.930000000000001
6.6
7.319999999999999
7.0
6.529999999999999
6.0
6.970000000000001
6.8500000000000005
7.0
7.820000000000001
5.930000000000001
7.03
6.8500000000000005
6.099999999999999
6.43
6.680000000000001
6.1
6.67
7.32
7.339999999999999
6.859999999999999
6.81
6.670000000000001
6.59
7.26
7.09
6.6899999999999995
6.15
6.890000000000001
5.7200000000000015
7.289999999999999
7.029999999999999
6.76
7.13
6.93
6.7
6.99
6.29
6.9799999999999995
6.85
6.710000000000001
6.95
6.9
7.220000000000001
7.339999999999999
6.789999999999999
7.309999999999999
6.5200000000000005
6.57
6.989999999999999
6.68
6.6
6.859999999999999
7.800000000000001
6.39
7.1
6.93
6.970000000000001
6.77
7.510000000000001
7.35
6.67
6.760000000000001
6.34
7.0600000000000005
7.57
6.59
7.049999999999999
7.28
7.040000000000001
7.469999999999999
7.359999999999999
6.57
6.99
6.43
6.919999999999999
6.37
6.24
7.4799999999999995
6.29
5.4
7.6899999999999995
7.03
7.27
6.359999999999999
6.57
6.300000000000001
7.420000000000001
6.66
6.32
7.47
7.83
6.22
6.3100000000000005
6.3100000000000005
7.18
7.17
6.59
7.090000000000001
7.170000000000001
6.98
6.919999999999999
6.14
6.14
7.300000000000001
6.58
6.63
6.3100000000000005
7.67
6.289999999999999
7.14
6.27
6.74
7.17
7.24
6.679999999999999
6.77
6.66
7.09
7.18
6.98
7.4399999999999995
6.6
7.56
7.890000000000001
7.28
7.23
6.239999999999999
7.329999999999999
6.23
6.65
6.54
7.029999999999999
6.3
7.970000000000001
6.660000000000001
6.459999999999999
6.2299999999999995
6.77
6.63
6.67
6.659999999999999
6.9
6.25
7.3100000000000005
6.909999999999999
6.799999999999999
6.92
5.970000000000001
6.51
6.4399999999999995
6.81
7.14
7.52
7.260000000000001
6.710000000000001
7.110000000000001
7.02
6.970000000000001
6.69
6.760000000000001
7.8
7.1
7.799999999999999
5.95
7.16
6.44
6.23
6.899999999999999
5.970000000000001
7.27
7.78
6.65
7.0200000000000005
6.93
7.08
6.22
7.19
6.27
6.4799999999999995
7.2
6.859999999999999
6.77
6.6499999999999995
6.56
7.25
6.449999999999999
7.279999999999999
7.549999999999999
6.55
5.57
7.58
6.670000000000001
6.159999999999999
7.01
6.890000000000001
6.300000000000001
5.88
5.81
7.260000000000001
6.1899999999999995
7.250000000000001
6.82
6.4399999999999995
6.56
6.63
6.51
6.960000000000001
6.890000000000001
6.029999999999999
6.610000000000001
6.209999999999999
6.739999999999999
6.930000000000001
7.51
7.03
7.7299999999999995
6.62
7.03
6.540000000000001
6.0200000000000005
6.930000000000001
7.19
6.34
7.190000000000001
7.5
6.930000000000001
6.7299999999999995
5.75
6.369999999999999
6.8
6.890000000000001
6.65
7.340000000000001
7.12
7.36
7.18
7.42
6.17
7.49
7.22
7.29
7.05
6.33
7.3500000000000005
5.7299999999999995
7.62
7.41
7.0
6.64
6.91
7.46
6.02
7.499999999999999
6.630000000000001
6.52
7.029999999999999
6.950000000000001
8.11
6.109999999999999
5.99
7.28
6.99
7.670000000000001
7.619999999999999
6.420000000000001
7.12
6.03
6.36
7.199999999999999
6.2
6.9399999999999995
6.25
7.32
7.31
6.99
6.540000000000001
7.069999999999999
6.790000000000001
7.66
6.01
8.139999999999999
6.98
7.14
7.470000000000001
7.45
6.83
6.970000000000001
6.699999999999999
6.86
7.069999999999999
6.33
6.61
6.9399999999999995
6.19
6.550000000000001
6.74
6.3999999999999995
6.31
5.82
6.98
6.92
5.94
6.46
7.0
6.630000000000001
6.01
7.8999999999999995
7.32
6.539999999999999
6.39
6.799999999999999
5.75
7.470000000000001
7.4399999999999995
7.379999999999999
6.07
7.1899999999999995
6.77
7.04
7.0
6.27
7.27
6.33
7.7299999999999995
6.8100000000000005
6.779999999999999
7.48
6.99
7.16
6.32
6.809999999999999
6.840000000000001
6.6899999999999995
6.27
7.29
5.8999999999999995
6.109999999999999
7.6899999999999995
7.24
7.19
7.529999999999999
6.24
6.470000000000001
6.93
7.08
7.25
6.97
6.28
7.3500000000000005
6.98
6.59
6.84
6.129999999999999
7.22
6.73
6.07
8.17
7.76
7.97
7.11
7.5
7.279999999999999
6.83
6.98
6.839999999999999
6.92
6.83
7.16
6.659999999999999
6.63
6.82
6.43
6.9399999999999995
6.609999999999999
5.48
5.95
6.670000000000001
7.0
6.41
7.339999999999999
6.1899999999999995
6.57
6.73
7.06
6.45
6.540000000000001
6.55
7.03
6.83
6.889999999999999
7.38
6.2700000000000005
7.3
6.46
7.26
7.0200000000000005
6.960000000000001
7.62
7.359999999999999
7.609999999999999
6.290000000000001
6.6499999999999995
6.81
6.55
6.36
7.489999999999999
6.01
7.45
7.32
7.08
6.8500000000000005
7.43
6.9399999999999995
7.370000000000001
6.65
5.89
6.790000000000001
7.53
6.86
6.49
6.58
6.72
