12.71
10.4
10.48
9.67
10.28
10.399999999999999
11.599999999999998
9.709999999999999
11.36
9.73
10.799999999999999
9.49
10.900000000000002
10.52
10.059999999999999
10.06
7.75
11.19
11.309999999999999
8.49
9.850000000000001
7.26
9.82
10.629999999999999
9.830000000000002
9.22
10.67
9.31
9.370000000000001
8.31
9.370000000000001
9.57
9.39
8.34
10.649999999999999
10.75
10.450000000000001
9.56
7.88
12.82
11.75
10.670000000000002
9.65
13.479999999999999
10.34
10.62
11.49
9.63
10.72
11.2
11.25
8.32
10.39
8.86
10.270000000000001
8.98
9.67
9.5
11.739999999999998
11.27
11.05
10.57
11.629999999999999
10.620000000000001
10.86
10.25
9.51
10.499999999999998
10.08
10.19
8.709999999999999
8.06
9.43
7.2
9.870000000000001
10.62
8.700000000000001
9.78
9.29
10.37
10.290000000000001
10.26
8.76
11.14
10.58
9.850000000000001
10.85
9.94
9.549999999999999
8.63
8.95
11.66
12.06
11.5
7.76
11.509999999999998
10.84
11.200000000000001
11.27
10.79
10.500000000000002
9.270000000000001
7.95
10.95
10.17
7.970000000000001
9.250000000000002
8.91
9.08
9.43
10.379999999999999
10.21
12.07
10.54
8.52
9.739999999999998
9.309999999999999
9.049999999999999
10.850000000000001
12.349999999999998
11.25
10.15
8.790000000000001
8.89
9.48
10.34
10.98
9.67
10.27
10.32
10.09
11.7
7.71
11.81
9.939999999999998
9.62
7.590000000000001
8.100000000000001
10.91
13.25
7.859999999999999
7.86
7.89
10.74
9.42
7.590000000000001
10.41
7.5
10.02
7.090000000000001
12.82
9.76
9.379999999999999
9.57
9.169999999999998
8.69
11.59
8.58
9.47
7.04
10.08
12.07
9.47
10.879999999999999
7.709999999999999
10.370000000000001
10.4
10.93
10.3
10.610000000000001
9.629999999999999
10.47
6.84
8.76
9.26
10.25
8.68
10.14
11.110000000000001
8.93
11.259999999999998
10.61
8.43
9.190000000000001
10.790000000000001
11.029999999999998
10.06
9.88
11.38
10.08
10.89
9.03
10.95
8.850000000000001
10.94
8.13
7.39
9.94
9.79
9.379999999999999
8.38
8.739999999999998
10.22
11.62
10.25
10.78
9.07
8.729999999999999
10.34
10.22
10.54
9.56
9.86
8.42
12.25
12.860000000000001
9.57
8.12
7.84
9.53
8.62
11.45
8.139999999999999
9.36
9.670000000000002
8.469999999999999
10.28
10.91
9.15
8.83
9.04
10.12
7.719999999999999
7.09
9.48
12.580000000000002
9.77
9.72
9.62
8.85
9.31
8.93
10.990000000000002
11.47
9.31
8.34
11.700000000000001
9.85
8.89
8.459999999999999
12.12
8.49
10.43
10.45
9.84
10.03
10.549999999999999
10.059999999999999
9.02
9.76
10.900000000000002
7.319999999999999
10.0
8.559999999999999
9.98
11.769999999999998
11.68
7.39
9.16
8.98
10.07
9.89
10.42
9.73
10.66
10.66
10.930000000000001
8.690000000000001
10.530000000000001
10.839999999999998
10.4
9.48
9.14
10.979999999999999
10.7
8.43
8.61
10.26
8.69
10.1
8.71
8.62
12.07
11.49
9.680000000000001
9.82
8.09
10.66
9.35
11.079999999999998
8.93
9.46
10.12
11.65
9.26
9.84
9.11
10.5
8.38
8.860000000000001
10.190000000000001
7.960000000000001
10.57
8.74
9.79
9.389999999999999
9.14
7.19
10.23
11.51
8.780000000000001
9.78
9.79
11.900000000000002
7.47
9.08
9.26
10.44
7.7
10.440000000000001
10.7
9.31
10.48
10.3
7.6
7.499999999999999
9.27
9.250000000000002
10.86
8.709999999999999
9.73
6.86
9.34
9.36
10.580000000000002
8.61
12.24
9.21
7.5
10.239999999999998
9.940000000000001
8.25
10.790000000000001
8.290000000000001
9.700000000000001
9.46
10.3
9.23
9.56
9.809999999999999
8.92
10.620000000000001
9.57
9.360000000000001
9.52
11.39
11.1
10.360000000000001
10.93
9.66
7.2700000000000005
7.5200000000000005
10.33
10.64
11.290000000000001
9.239999999999998
11.19
10.62
11.24
9.08
9.959999999999999
8.99
8.930000000000001
11.06
11.93
9.65
8.05
11.349999999999998
9.33
10.66
8.540000000000001
11.82
10.219999999999999
9.51
11.41
10.69
8.32
10.169999999999998
9.58
9.840000000000002
9.43
9.9
8.67
13.21
11.23
8.56
10.25
9.239999999999998
8.530000000000001
12.15
8.389999999999999
10.450000000000001
6.68
8.600000000000001
10.49
8.719999999999999
7.94
9.69
9.080000000000002
11.469999999999999
8.43
10.66
12.25
8.969999999999999
8.98
9.41
8.61
9.22
9.450000000000001
10.16
10.129999999999999
8.77
8.399999999999999
9.370000000000001
10.61
11.040000000000001
9.34
9.729999999999999
10.25
9.48
8.23
9.01
9.12
10.36
10.780000000000001
9.700000000000001
9.34
11.200000000000001
9.58
9.59
10.919999999999998
10.88
10.48
10.35
10.739999999999998
11.54
11.4
12.040000000000001
11.46
8.44
11.77
6.92
12.14
8.72
9.23
7.19
8.82
10.74
11.04
9.65
13.620000000000001
9.23
9.02
10.04
10.71
8.72
9.93
8.45
10.49
9.95
8.69
8.5
10.7
10.430000000000001
9.27
9.18
9.59
8.56
11.29
10.23
10.61
8.46
10.91
8.780000000000001
9.92
9.24
11.67
9.49
8.67
8.75
11.409999999999998
11.15
9.45
10.4
9.77
9.88
10.48
7.7
8.879999999999999
11.940000000000001
8.989999999999998
9.8
10.37
11.530000000000001
9.28
9.32
7.51
9.370000000000001
8.82
11.379999999999999
10.260000000000002
10.4
9.98
10.0
10.42
9.73
9.04
11.06
10.35
9.73
7.74
10.129999999999999
10.29
10.400000000000002
11.43
9.049999999999999
10.299999999999999
10.719999999999999
10.75
9.430000000000001
10.000000000000002
11.07
9.44
10.440000000000001
10.18
6.960000000000001
10.16
10.129999999999999
8.08
11.649999999999999
8.64
9.79
10.870000000000001
9.370000000000001
11.66
9.530000000000001
10.72
10.34
8.85
10.55
9.03
9.399999999999999
10.1
8.39
9.92
9.34
9.44
11.780000000000001
9.54
8.34
8.39
11.27
9.120000000000001
8.049999999999999
10.09
10.49
8.69
8.77
8.65
10.020000000000001
12.049999999999999
10.07
12.030000000000001
10.37
11.56
8.09
9.020000000000001
10.719999999999999
8.45
11.02
10.06
10.679999999999998
9.61
10.350000000000001
11.85
11.77
8.35
10.41
9.229999999999999
9.93
9.32
9.08
9.33
10.58
10.23
9.92
10.73
12.0
10.290000000000001
9.38
7.93
9.56
9.02
10.100000000000001
10.44
9.85
10.299999999999999
10.92
11.870000000000001
8.350000000000001
11.0
11.309999999999999
10.370000000000001
8.100000000000001
9.520000000000001
9.89
9.219999999999999
9.270000000000001
10.96
10.36
9.819999999999999
9.66
10.41
8.82
11.94
8.64
11.059999999999999
9.2
9.02
11.16
7.630000000000001
9.110000000000001
11.35
10.1
9.65
8.96
6.32
7.799999999999999
9.88
11.51
10.63
8.120000000000001
10.260000000000002
11.16
7.18
9.58
9.07
10.81
11.2
10.55
10.200000000000001
9.77
9.27
9.930000000000001
8.89
9.42
9.72
7.69
9.64
8.38
9.4
9.64
10.57
11.500000000000002
8.55
9.27
8.32
10.1
12.370000000000001
9.77
10.389999999999999
10.39
10.48
11.309999999999999
10.719999999999999
12.25
12.150000000000002
9.22
10.350000000000001
10.31
11.239999999999998
7.87
9.299999999999999
9.540000000000001
10.0
10.759999999999998
12.96
9.11
12.399999999999999
9.98
10.680000000000001
11.790000000000001
7.36
11.25
8.74
9.34
10.100000000000001
10.73
11.379999999999999
8.440000000000001
11.209999999999999
7.38
8.75
9.839999999999998
9.969999999999999
12.199999999999998
10.629999999999999
10.350000000000001
8.620000000000001
9.48
9.200000000000001
12.360000000000001
9.8
9.21
9.72
11.030000000000001
8.98
12.040000000000001
10.400000000000002
8.81
11.429999999999998
9.39
10.88
7.180000000000001
7.44
10.580000000000002
10.14
8.32
10.3
9.46
8.02
8.129999999999999
10.3
11.180000000000001
9.58
10.83
8.24
9.29
11.229999999999999
10.319999999999999
12.11
9.379999999999999
9.36
11.09
9.489999999999998
10.579999999999998
9.399999999999999
10.749999999999998
8.36
9.370000000000001
11.190000000000001
8.47
9.22
8.82
10.68
10.419999999999998
10.3
8.59
10.920000000000002
10.23
8.06
9.68
10.09
9.41
9.65
7.300000000000001
10.53
12.45
9.129999999999999
10.13
9.450000000000001
9.92
11.74
10.629999999999999
8.11
9.66
11.200000000000001
10.649999999999999
11.52
11.2
10.51
8.58
11.32
9.44
11.32
7.78
9.11
8.8
9.92
9.79
10.24
10.469999999999999
8.24
10.17
12.04
9.83
7.5
8.56
8.879999999999999
9.93
11.530000000000001
11.9
10.58
8.83
8.94
9.99
9.79
10.16
11.55
11.11
10.65
12.14
10.399999999999999
8.040000000000001
8.82
9.41
9.290000000000001
9.14
11.25
9.76
8.69
10.030000000000001
11.009999999999998
10.809999999999999
11.879999999999999
9.48
11.12
10.08
8.569999999999999
10.379999999999999
9.87
11.520000000000001
11.47
9.389999999999999
10.94
9.59
9.77
8.200000000000001
10.82
10.51
10.93
10.77
9.41
8.229999999999999
11.580000000000002
9.45
8.75
10.85
10.79
8.430000000000001
11.61
9.77
10.72
9.04
9.58
9.82
9.399999999999999
9.15
8.25
9.0
11.200000000000001
10.56
8.33
10.930000000000001
9.86
8.329999999999998
9.41
7.97
11.040000000000001
8.82
7.8500000000000005
12.04
9.58
7.98
11.01
11.659999999999998
11.029999999999998
10.510000000000002
9.67
10.780000000000001
9.42
9.23
10.68
9.58
10.770000000000001
8.559999999999999
8.79
9.02
10.959999999999999
7.66
7.859999999999999
9.82
10.68
10.53
9.450000000000001
9.719999999999999
7.120000000000001
9.87
13.2
9.58
8.9
10.0
10.159999999999998
9.559999999999999
9.54
11.36
8.87
8.27
9.25
8.52
9.79
10.780000000000001
10.77
9.48
9.54
8.95
11.27
11.0
10.43
10.969999999999999
10.5
9.229999999999999
8.799999999999999
8.450000000000001
6.640000000000001
9.409999999999998
8.05
9.879999999999999
12.43
11.14
9.95
8.889999999999999
9.58
7.54
11.939999999999998
9.329999999999998
9.39
11.86
11.13
11.91
9.86
9.23
8.02
11.150000000000002
8.120000000000001
10.569999999999999
9.88
10.729999999999999
7.800000000000001
10.55
7.5200000000000005
10.66
10.07
9.99
13.31
10.5
9.32
8.16
11.43
9.829999999999998
8.319999999999999
10.209999999999999
7.9799999999999995
8.28
9.59
9.18
12.28
11.84
7.12
9.18
11.27
10.129999999999999
8.8
10.93
12.38
9.61
9.33
7.81
8.280000000000001
9.96
9.7
8.67
9.33
9.01
8.290000000000001
8.43
10.99
10.849999999999998
12.93
10.249999999999998
